35   7276   0.0005551187914792842
7276   7277   0.0008297035248656855
7277   7278   0.0005771336223682643
7278   7265   0.0037367694941131363
7265   7266   0.0016425584973493899
7266   7693   0.001542931337222721
7693   1256   0.0014695404364554981
1256   7588   0.0014093062022951432
7588   32   0.0013051327050246008
32   31   0.001155636126097272
31   34   0.0007571565894756392
34   42   0.0008489331288897891
42   44   0.0007731331815467412
44   39   0.00034232836131976873
39   41   0.001510773512507359
41   43   0.0013680903854661672
43   46   0.0007923849503946544
46   47   0.0005632139948565103
47   45   0.0014073852903291135
45   49   0.0006412285430788061
49   48   0.0010298659065911809
48   50   0.0005519914111445716
50   51   0.0007689033350299907
51   52   0.0008683886096100776
52   53   0.000543121346579684
53   54   0.0009225163530119263
54   55   0.0006146583896066796
55   56   0.0012664099387814957
56   57   0.0012071254250593856
57   60   0.0015263420256194263
60   58   0.0013804677198515896
58   62   0.001153859431984921
62   67   0.0010634272594949002
67   63   0.0009033846655226136
63   72   0.0008921109664257704
72   64   0.0013750856463459495
64   4754   0.0006347614711424978
4754   73   0.001038517134171974
73   213   0.001341634968272637
213   68   0.0021728105180160934
68   74   0.0010723913373979945
74   69   0.0009753766188736596
69   70   0.0011966242144503566
70   71   0.0009225796101345824
71   77   0.0006974008185206163
77   3204   0.001192330956515537
3204   3203   0.0007101888103884685
3203   3206   0.0009351040074891611
3206   3259   0.0010947777118513909
3259   3207   0.0008990757546132057
3207   3210   0.0008014430275435897
3210   75   0.00026077530362869313